47
47
45
45
45
43
43
45
45
45
45
45
45
45
45
43
43
43
43
43
43
43
43
43
45
45
45
45
45
45
43
43
43
43
43
43
43
43
43
43
43
43
49
45
45
45
45
45
45
45
45
45
45
45
43
43
43
43
43
43
43
43
43
43
43
43
43
43
43
43
45
45
43
43
43
43
43
43
43
43
43
43
43
43
43
43
43
43
43
43
43
43
43
43
43
43
43
45
43
43
43
43
43
43
43
43
43
43
43
43
43
43
43
43
43
43
43
41
43
43
45
45
45
45
43
43
43
43
43
43
43
43
43
43
45
45
45
45
43
43
43
43
43
43
43
43
43
43
43
43
43
45
45
45
43
43
43
43
43
43
43
43
43
43
43
43
43
43
43
43
43
43
43
43
43
43
43
43
43
43
43
43
43
45
45
47
47
43
43
45
45
43
43
43
43
43
43
43
43
