51
51
51
51
51
57
51
53
53
53
53
55
55
55
55
53
53
53
53
53
53
53
53
53
53
53
51
51
51
51
51
51
53
53
51
51
51
53
53
53
53
53
53
53
53
51
51
53
53
53
53
53
53
53
53
53
53
53
53
53
53
53
53
53
53
53
53
53
53
53
53
53
53
53
53
53
53
53
53
53
53
53
53
53
53
53
53
53
53
53
53
53
55
55
55
55
55
55
53
53
53
53
53
53
53
53
53
51
53
53
53
53
53
53
53
53
51
51
53
53
53
53
53
53
53
51
51
53
53
53
53
53
53
55
55
55
55
57
57
55
55
55
55
55
55
55
55
55
55
55
55
55
55
55
55
55
55
55
55
55
55
53
53
55
55
55
55
53
53
57
57
57
57
57
55
55
57
57
57
57
57
57
59
59
57
57
59
53
53
53
53
45
45
47
47
49
49
41
41
43
43
45
43
43
47
