45
45
45
45
45
45
45
45
43
43
45
45
45
43
43
45
45
45
45
45
45
45
45
45
45
45
45
45
45
45
45
45
45
45
45
45
45
45
45
45
45
45
45
45
45
43
43
43
43
45
45
45
45
45
45
45
45
45
45
45
43
43
45
45
45
45
43
43
43
43
45
45
43
43
43
43
43
43
43
43
43
43
43
45
45
45
45
45
45
45
45
45
45
45
45
45
45
45
45
45
45
45
45
45
45
45
45
45
45
45
45
45
45
43
43
45
45
45
45
45
45
45
45
45
43
43
43
43
45
45
43
43
43
43
43
43
45
45
45
45
45
47
47
47
47
47
47
45
45
45
43
43
45
45
43
43
43
43
43
43
43
43
45
45
45
45
43
43
43
43
43
43
43
45
45
45
45
47
47
47
47
45
45
45
45
45
45
45
45
45
43
