47
47
45
45
45
45
45
45
45
45
47
47
43
43
45
45
43
43
43
43
43
45
45
45
45
43
43
43
43
43
41
41
41
41
43
43
43
43
43
43
43
43
43
43
43
43
43
43
43
41
41
81
81
43
43
43
43
43
43
41
41
41
41
43
43
43
43
43
43
43
41
41
43
43
43
43
43
43
43
43
43
41
41
41
41
43
43
41
41
43
43
41
43
43
43
43
43
43
43
43
81
81
43
47
43
43
41
41
41
43
43
43
43
41
41
43
43
43
43
41
41
43
43
43
43
43
43
43
43
43
43
43
43
43
41
41
43
43
43
43
43
43
43
43
43
43
43
41
41
41
41
41
41
41
41
41
41
41
41
41
41
41
41
41
41
41
41
41
41
41
41
39
39
41
41
41
41
41
41
41
41
41
41
41
41
41
