53
53
53
53
55
55
53
53
53
53
53
53
53
53
53
53
53
55
55
53
53
53
53
53
53
55
55
53
53
53
53
53
53
53
53
53
53
53
53
53
55
55
55
53
53
51
51
53
53
51
51
51
51
53
53
53
53
51
53
53
51
51
51
51
53
53
49
49
53
53
51
51
51
47
47
49
49
49
49
49
49
47
47
47
47
47
47
49
47
47
45
45
47
47
45
45
51
51
51
51
51
51
51
51
55
55
53
53
53
53
53
55
55
51
51
57
57
49
49
53
53
51
51
51
53
53
55
55
55
55
53
53
55
55
55
55
53
53
53
53
55
55
53
55
55
55
55
55
55
55
55
53
53
55
55
55
55
55
55
55
53
53
55
55
55
55
55
55
55
55
57
57
55
55
55
55
