47
47
47
47
45
45
47
47
45
45
47
45
45
47
47
45
45
45
45
45
45
43
43
45
43
43
43
43
45
45
45
45
45
45
45
45
45
45
45
47
47
47
47
45
45
45
45
45
45
45
45
45
45
45
45
45
47
47
45
45
45
45
47
47
47
47
43
43
43
43
59
59
59
59
43
43
43
41
41
43
43
43
43
43
43
43
43
43
43
43
45
45
45
45
45
45
43
43
43
43
45
45
45
43
43
45
45
43
43
45
45
43
43
43
43
45
45
45
45
45
45
45
45
45
45
43
43
43
43
43
45
45
45
45
45
45
45
43
43
45
45
45
45
43
43
45
45
45
45
43
43
43
45
45
45
45
45
45
45
45
45
45
47
47
45
45
45
47
45
45
45
47
47
45
45
45
45
45
45
