41
41
41
41
41
39
39
37
37
37
37
39
39
39
39
39
39
41
41
41
41
41
41
41
39
39
39
39
39
39
39
39
39
39
39
39
39
39
39
39
39
39
39
39
39
39
39
39
39
39
39
39
37
37
39
39
39
39
39
39
39
39
37
43
37
37
37
37
37
37
39
37
37
37
37
37
37
39
39
37
37
37
37
37
37
37
37
37
39
39
37
37
37
37
37
37
37
37
37
37
37
37
37
37
37
37
37
37
37
37
37
37
39
39
39
37
39
39
37
37
37
37
37
39
39
37
37
37
37
37
37
37
37
37
37
39
39
39
39
39
39
37
39
39
39
39
39
39
39
39
39
39
39
39
39
39
41
39
39
43
43
41
43
41
41
41
41
41
41
41
41
41
41
41
41
41
43
43
41
41
43
43
43
43
43
43
43
41
41
41
41
41
41
41
41
41
41
39
39
39
39
