43
43
43
43
43
43
43
43
43
43
43
43
43
43
43
43
41
43
43
43
43
43
43
43
43
43
43
43
43
43
43
43
43
43
43
43
41
41
41
41
43
43
43
43
43
43
43
43
43
43
43
43
43
43
43
43
43
43
43
41
41
41
43
43
43
43
41
41
43
43
43
43
41
41
43
43
43
43
43
43
43
43
43
43
43
41
41
43
43
85
85
43
43
43
43
43
45
45
43
43
43
43
43
43
43
43
43
43
43
45
43
43
43
43
43
43
43
43
43
43
43
43
43
45
47
43
43
43
43
43
45
45
43
43
43
43
45
45
43
43
43
43
43
45
45
43
43
43
43
43
43
43
43
43
45
45
43
43
45
45
45
45
45
45
45
45
43
43
43
43
43
43
43
45
45
43
43
43
43
45
45
45
45
45
45
