37
37
37
37
33
33
37
37
33
33
37
37
33
33
37
37
33
37
37
37
37
33
33
35
35
37
33
33
35
35
33
33
33
33
33
33
33
33
33
33
33
37
37
33
33
37
37
33
33
33
33
33
33
33
33
33
37
33
33
37
37
37
37
33
33
37
37
37
33
33
33
33
37
37
37
37
33
37
37
33
33
37
37
37
37
37
37
37
37
37
33
33
37
37
33
33
37
37
37
37
37
33
33
35
35
31
31
37
37
37
37
37
33
33
33
33
37
37
37
37
33
37
37
37
37
37
37
37
33
33
33
33
33
33
37
33
33
33
33
37
37
33
33
37
37
37
33
33
35
37
37
35
35
33
33
33
33
37
37
35
35
33
31
31
31
31
37
37
37
37
37
33
33
33
33
85
85
33
33
35
35
37
37
31
33
33
31
31
31
31
35
35
31
35
