39
39
39
39
41
41
41
41
41
39
39
37
37
43
43
43
41
41
91
91
43
43
41
41
41
41
41
43
43
39
39
43
43
39
39
43
43
39
39
39
41
41
43
43
41
41
41
41
41
41
41
39
39
39
39
39
39
43
43
43
39
39
43
43
41
41
43
41
41
41
41
41
41
45
45
41
41
41
43
43
43
43
41
41
43
43
39
43
43
45
45
43
43
43
43
41
41
45
43
43
41
41
41
41
43
43
39
39
41
41
41
41
43
39
39
41
41
43
41
41
43
43
43
43
39
39
43
43
43
43
41
43
43
41
41
39
39
39
39
41
41
41
41
41
41
41
39
41
41
39
39
39
39
41
41
39
39
39
39
43
41
41
39
39
39
39
43
43
43
43
39
39
39
39
39
41
41
41
41
39
39
39
41
41
41
41
43
43
45
45
43
39
39
43
43
43
43
39
