47
45
45
41
41
43
43
43
41
41
43
43
45
45
39
39
39
39
39
39
39
41
41
41
45
45
41
41
41
41
41
41
43
43
45
45
41
41
41
45
45
45
45
39
39
45
45
45
45
41
41
41
45
45
39
39
39
39
41
41
45
45
45
43
43
43
39
39
39
39
39
39
39
39
37
37
43
43
43
41
41
41
41
43
43
39
39
39
45
45
37
37
39
39
39
39
45
45
45
43
43
39
39
43
43
41
41
41
47
47
39
39
45
45
41
41
39
39
43
45
45
39
39
41
41
37
37
39
39
39
43
43
43
43
39
39
45
45
39
45
45
43
43
45
45
43
43
43
43
41
39
39
39
39
39
39
43
39
39
39
39
39
39
39
41
41
43
43
39
39
39
39
45
43
43
43
43
45
45
39
39
39
39
41
41
45
45
