35
37
37
37
33
33
37
37
35
35
37
37
37
37
33
33
37
35
35
35
35
35
35
37
37
37
37
37
33
33
37
37
37
37
33
33
37
35
35
39
39
33
33
37
37
35
33
33
37
37
37
37
33
37
37
37
37
35
35
35
35
39
35
35
37
37
39
39
37
37
33
35
35
91
91
35
35
37
37
35
35
35
33
33
37
37
39
39
33
33
39
39
37
35
35
33
33
35
35
33
33
33
33
33
33
33
35
35
33
33
37
37
37
33
33
35
35
35
35
33
33
33
35
35
37
37
33
33
33
33
33
35
35
39
33
33
39
39
37
37
37
37
35
35
37
37
37
37
37
39
39
33
33
37
37
33
33
39
39
39
39
39
33
33
37
37
37
37
35
35
33
33
37
33
33
37
37
37
37
39
39
39
35
35
35
35
39
39
35
37
37
33
33
39
