39
39
39
39
39
39
39
39
39
39
39
39
39
41
41
37
39
39
37
37
37
37
39
39
39
39
39
39
39
39
39
37
37
35
35
37
39
39
41
41
39
39
39
35
35
39
39
41
41
37
37
37
37
39
37
37
39
39
37
37
37
37
41
41
39
39
41
41
39
41
41
37
37
37
37
39
39
41
41
41
41
41
39
39
41
41
37
37
41
41
41
39
39
41
41
41
41
37
37
39
39
39
39
39
41
41
39
37
37
39
39
37
37
37
41
41
37
37
41
41
37
37
41
37
37
35
35
41
41
39
39
35
35
35
41
41
35
35
35
35
39
39
39
39
35
35
39
35
35
39
39
37
37
35
35
41
41
37
37
37
37
37
39
39
37
39
39
39
39
37
37
39
39
39
39
41
35
35
35
35
39
35
35
39
39
35
35
35
37
37
35
35
39
39
39
39
39
39
