33
35
35
35
35
31
31
33
35
35
31
31
31
31
31
31
31
31
33
31
31
33
33
31
31
33
33
33
33
33
33
33
31
31
33
33
33
33
33
33
33
31
31
31
31
31
31
33
33
33
33
35
31
31
31
31
35
35
35
35
35
35
35
35
35
35
35
35
35
35
35
35
35
35
31
31
31
31
31
33
33
31
31
33
33
33
33
31
31
35
33
33
33
33
33
33
31
31
33
33
29
29
29
29
29
33
33
35
35
35
35
33
31
31
33
33
33
35
35
33
33
33
33
31
31
31
35
35
31
31
33
33
35
35
35
31
31
33
33
33
33
35
35
35
35
31
31
31
33
33
31
31
35
35
35
35
31
29
29
31
31
35
35
35
35
35
35
35
35
35
35
35
35
35
35
35
35
35
35
33
33
33
33
33
33
33
33
35
29
29
33
33
31
31
31
31
35
35
35
29
29
35
