41
41
41
41
41
41
39
39
39
41
41
41
41
41
41
41
41
41
41
41
41
41
41
41
41
41
41
41
41
41
39
39
41
41
41
41
41
41
41
39
39
41
41
41
41
41
41
41
41
39
39
41
41
41
41
41
41
39
39
39
41
41
41
41
39
39
41
41
41
41
41
41
41
41
41
39
39
39
39
41
41
41
41
39
39
37
37
41
41
41
39
39
41
41
41
41
41
41
41
39
39
41
41
39
39
39
39
41
41
41
41
41
41
41
41
41
41
41
41
41
41
41
39
39
39
39
39
39
41
41
39
41
41
41
41
39
39
39
39
39
39
39
39
39
39
41
41
41
39
39
41
41
39
39
41
41
39
39
39
39
39
41
41
63
63
41
41
39
39
43
43
39
39
39
41
41
41
41
39
39
39
39
41
41
39
39
37
39
39
41
41
39
39
