47
49
49
47
49
49
49
49
49
49
49
49
49
49
47
47
47
49
49
49
49
49
49
49
49
49
49
49
49
49
49
49
49
49
49
49
51
51
51
51
51
51
49
49
49
49
49
49
49
49
49
49
49
49
49
49
49
49
49
49
49
49
49
49
51
51
51
51
49
49
49
49
49
49
51
51
51
49
49
49
49
49
49
49
49
51
51
51
49
49
49
49
49
49
49
49
49
49
49
49
49
49
49
51
51
51
51
51
51
51
51
49
49
49
49
49
51
49
49
49
51
51
51
49
49
49
49
49
49
49
49
49
47
47
47
47
47
47
47
47
45
45
47
49
49
47
47
45
45
47
47
47
47
47
45
45
47
47
47
47
45
45
49
49
47
47
47
49
49
51
51
47
47
49
47
47
49
49
47
45
45
49
49
47
47
51
47
47
47
47
43
