49
51
51
49
49
49
49
49
51
51
49
49
49
49
49
49
49
49
49
49
49
49
51
51
51
51
51
49
49
49
49
49
55
49
49
49
49
49
51
51
49
49
49
49
49
49
47
47
47
47
49
49
49
65
49
49
49
49
49
49
49
49
49
47
47
47
47
49
49
49
49
49
49
49
49
49
49
49
47
47
51
51
49
49
51
51
49
49
49
49
49
49
49
49
49
49
49
49
49
53
53
53
53
51
49
49
49
49
51
51
51
51
49
49
51
51
51
51
51
51
51
49
49
49
49
49
49
49
49
49
49
49
49
49
49
49
47
47
49
49
49
49
49
49
47
47
49
49
49
49
51
51
47
47
47
47
47
49
49
49
49
49
49
47
47
49
49
47
47
49
49
49
49
49
49
49
51
51
53
53
49
49
51
51
51
