55
55
53
53
53
53
53
53
53
53
53
53
53
53
53
55
55
55
55
53
53
55
59
55
55
55
55
55
55
57
55
55
55
55
55
55
55
55
55
55
55
55
57
57
57
59
59
57
57
55
55
57
57
55
55
55
55
57
57
55
55
55
57
57
57
57
57
57
57
57
57
57
55
55
57
57
57
57
57
57
57
55
55
55
55
55
55
57
57
57
57
53
53
55
53
53
57
57
53
53
53
53
55
55
55
55
55
55
55
55
55
55
55
55
55
55
57
55
55
55
55
55
55
55
55
55
55
53
53
53
55
55
55
55
55
55
53
53
53
53
55
53
53
53
55
55
55
51
51
53
53
53
53
51
51
51
51
53
53
53
55
55
53
53
51
51
53
53
53
53
53
53
53
53
51
51
53
53
49
51
51
51
51
49
49
45
45
43
43
45
45
