51
49
49
47
47
47
47
71
71
49
49
49
49
47
47
49
49
49
49
49
49
49
49
49
49
49
47
47
47
47
49
49
49
49
49
49
49
49
49
49
49
49
49
49
49
49
49
49
47
47
49
49
49
49
47
47
49
49
49
47
47
47
47
49
49
49
49
49
49
47
53
49
49
49
49
49
47
47
49
49
47
47
49
49
49
49
49
49
49
49
49
49
49
49
49
49
49
49
49
47
47
49
49
49
49
49
47
47
47
47
49
49
49
49
49
49
49
49
49
49
49
51
51
49
49
49
49
51
51
49
49
51
49
49
49
49
49
49
49
49
49
49
51
51
49
49
49
49
49
49
49
49
49
51
51
49
49
49
49
51
51
49
49
49
49
49
51
51
51
51
49
49
49
49
51
51
51
51
49
49
49
49
49
49
49
49
49
49
49
