47
47
47
47
47
47
47
47
47
47
47
47
47
47
47
47
47
47
47
47
47
47
49
49
47
47
47
47
47
47
47
47
47
49
49
47
47
47
47
47
47
47
47
47
47
47
47
47
47
47
45
45
45
45
47
47
47
47
47
47
45
45
49
49
47
47
47
47
47
47
47
47
47
49
49
47
47
49
49
47
47
47
47
47
47
47
47
47
47
47
47
47
47
47
47
47
47
49
49
47
47
47
47
49
49
49
49
47
47
47
47
47
47
47
47
47
47
47
47
47
47
47
47
47
47
47
47
47
47
47
47
45
45
47
47
49
49
47
47
47
47
47
47
49
47
47
45
45
47
47
47
47
47
47
49
49
47
49
47
47
47
45
45
45
45
47
47
47
47
47
47
47
47
47
47
47
47
47
47
47
47
47
47
47
45
45
49
49
45
