41
43
43
45
45
45
43
43
43
43
45
45
45
45
45
45
45
45
43
43
43
43
43
43
43
45
45
45
45
45
45
45
45
43
43
45
45
45
45
45
43
43
43
43
43
43
43
43
43
41
41
43
43
43
43
41
43
43
43
43
43
43
43
43
43
43
45
45
45
45
43
43
43
43
43
43
43
41
41
43
43
43
43
43
43
43
43
43
43
43
49
49
49
43
43
43
43
43
43
43
43
43
43
43
43
43
43
43
43
43
43
43
45
43
43
43
43
43
43
41
41
41
41
43
43
43
43
43
43
43
43
43
43
43
45
45
45
45
45
45
45
43
43
43
43
43
45
45
43
43
45
45
43
43
43
43
43
43
43
43
43
43
43
45
45
45
45
45
45
43
43
45
45
45
45
43
41
41
45
45
45
45
43
43
45
45
45
45
45
45
43
43
43
43
43
43
43
43
43
43
43
45
