49
49
51
49
49
49
49
49
49
47
47
51
51
47
47
49
49
49
49
49
49
49
49
49
47
47
51
51
47
49
49
47
47
47
47
51
51
49
49
49
49
47
47
49
49
51
51
51
51
51
51
51
51
51
51
51
49
49
47
47
49
49
49
47
47
49
49
49
49
45
45
47
47
47
47
51
51
47
51
51
51
51
51
51
47
47
47
47
47
47
49
49
49
49
49
51
51
47
47
47
47
47
47
47
47
47
45
45
45
47
47
47
47
47
47
47
49
49
49
49
47
47
47
47
51
51
47
47
47
47
47
49
49
47
47
47
47
49
49
47
47
47
47
47
47
47
47
47
47
47
47
47
49
49
49
49
49
49
49
53
49
51
51
51
51
51
49
49
49
49
49
49
49
49
49
49
49
49
49
49
49
49
49
49
49
49
