45
45
43
43
45
45
45
45
45
45
45
43
43
45
45
45
45
45
45
45
45
45
43
43
43
43
43
43
43
41
41
41
41
41
41
41
39
39
41
41
45
45
45
43
43
45
45
43
43
47
47
47
47
47
45
45
45
45
47
47
47
45
45
45
45
47
47
47
47
47
45
45
45
45
45
45
47
47
47
45
45
47
47
47
47
47
47
47
47
47
47
47
43
43
47
47
47
47
47
47
47
47
47
43
43
43
45
45
43
43
43
47
47
47
47
45
45
47
43
43
43
43
43
43
47
47
45
45
45
43
43
43
43
43
43
47
47
47
43
43
43
43
41
41
45
45
41
41
41
45
45
45
45
47
47
43
43
47
47
41
45
45
41
41
47
47
47
47
47
41
41
45
45
39
41
41
39
39
39
39
47
47
41
41
45
45
47
41
41
41
41
47
47
39
39
45
45
45
45
45
45
45
39
39
45
45
