41
37
37
41
41
37
37
41
41
41
41
41
39
39
39
39
39
39
39
39
39
41
41
41
41
39
39
39
41
41
41
41
41
41
41
41
41
41
41
39
39
37
37
37
37
37
41
41
37
37
37
39
39
41
41
41
41
41
41
41
39
39
39
39
39
41
41
39
39
39
39
39
41
41
39
39
41
41
41
39
39
41
41
39
39
39
41
41
39
39
39
39
41
39
39
39
39
39
39
41
39
39
39
39
39
39
41
41
41
39
39
39
39
41
41
41
39
39
39
39
39
39
39
39
39
41
41
41
41
41
41
39
41
41
41
41
41
41
41
41
41
41
41
39
39
39
39
39
41
41
39
39
41
41
39
39
39
39
39
39
39
39
39
41
41
41
39
39
39
39
39
39
39
39
39
41
41
39
39
41
41
39
39
39
39
39
