27
33
33
33
33
29
29
29
29
29
27
27
33
33
33
33
33
29
29
29
29
27
27
27
27
29
29
33
27
27
33
33
27
27
29
29
33
33
33
29
29
29
29
29
29
31
31
27
27
27
33
33
29
29
29
29
31
31
31
27
27
29
29
31
31
33
33
29
29
27
27
31
31
29
33
33
33
33
33
33
27
27
33
33
33
33
33
29
29
31
31
31
31
31
29
29
29
29
27
27
29
29
31
31
31
31
31
29
29
33
33
33
33
31
27
27
31
31
33
33
29
29
33
29
29
27
27
27
27
27
27
33
31
31
31
31
27
27
31
31
31
31
29
27
27
31
31
29
29
31
31
29
29
29
31
31
31
31
29
29
31
31
31
31
31
29
29
29
29
29
29
29
29
29
29
31
33
33
27
27
31
31
31
31
29
29
29
31
31
27
27
29
29
27
27
29
31
