35
31
31
29
29
31
31
35
35
35
35
35
35
35
29
29
29
31
31
35
35
31
31
31
31
31
35
35
31
31
33
33
31
35
35
37
37
35
35
35
35
35
35
31
35
35
31
31
35
35
31
31
31
31
31
37
37
35
35
31
31
31
37
37
35
35
35
35
31
31
35
35
35
35
35
31
31
35
35
35
31
31
31
31
35
35
31
31
31
35
35
35
35
31
31
31
31
31
35
35
35
35
35
35
35
35
35
35
31
35
35
31
31
31
31
35
35
37
35
35
31
31
31
31
37
37
35
35
35
31
31
29
29
37
37
31
31
31
31
31
35
35
31
31
31
35
35
35
35
31
31
35
35
31
31
35
33
33
33
33
31
31
31
35
35
35
35
35
35
35
35
31
31
35
35
35
35
35
31
31
29
29
31
31
31
31
31
31
31
35
35
31
31
31
35
35
35
35
35
35
35
