41
41
41
39
39
43
43
41
41
41
41
41
41
43
43
43
41
41
41
41
41
41
41
41
41
41
41
41
47
47
41
41
41
41
41
41
41
39
39
41
41
41
41
41
41
39
41
41
41
41
41
41
39
39
39
39
39
39
41
41
39
39
41
41
41
41
41
47
47
41
41
41
41
41
47
41
41
41
41
41
41
39
41
41
39
39
39
39
41
41
39
39
41
41
39
39
39
39
39
39
39
41
41
41
41
41
41
39
39
41
41
41
39
39
39
39
41
41
41
41
41
41
41
41
41
41
41
41
41
41
41
39
39
39
39
41
41
39
39
39
39
39
39
39
39
41
41
41
39
39
41
41
41
41
41
41
39
39
39
39
39
39
39
41
41
43
43
39
39
41
41
39
39
39
43
43
41
41
39
39
39
39
39
39
39
39
39
39
39
39
39
39
41
41
39
39
