41
41
41
41
41
41
39
39
43
43
41
41
41
41
43
43
49
49
43
47
47
45
45
47
47
49
49
51
51
49
49
47
47
47
47
47
51
51
51
51
53
53
45
45
49
49
49
49
47
47
45
47
47
47
47
47
47
47
41
39
39
45
45
47
47
49
49
45
45
39
39
37
37
39
37
37
37
37
39
39
39
39
39
39
41
39
39
37
37
39
39
39
39
37
37
37
37
37
37
37
37
37
39
39
37
37
37
37
39
39
37
37
37
37
39
37
37
37
37
37
37
37
37
37
37
37
37
37
37
37
37
37
39
39
37
37
37
37
39
39
37
37
37
37
39
39
39
39
37
37
37
37
39
39
39
37
37
37
37
37
37
39
39
37
37
37
37
39
39
39
39
39
39
39
41
41
39
39
39
39
39
39
39
39
39
39
39
41
41
45
45
