47
47
49
49
47
49
49
47
47
47
47
49
49
49
49
51
53
49
49
49
49
49
49
49
49
49
49
49
49
49
49
49
49
51
51
49
49
49
49
49
49
49
49
49
49
47
47
47
47
47
49
49
47
47
47
47
47
47
49
49
47
47
49
49
49
49
49
49
47
47
47
47
47
47
47
47
47
51
51
49
49
53
53
53
49
49
49
49
49
51
49
49
49
49
49
49
51
51
51
49
49
49
49
49
49
53
53
53
49
49
51
51
51
51
49
49
51
51
49
49
49
49
51
51
51
51
51
51
51
51
49
49
51
51
51
51
49
49
51
51
51
51
51
49
49
51
51
51
51
51
51
51
51
51
51
51
51
51
51
51
51
51
49
51
51
51
51
51
51
51
51
51
51
51
51
51
51
