49
51
51
51
51
51
51
51
49
49
47
47
47
47
45
47
47
43
43
47
47
49
49
45
45
47
47
49
47
47
51
51
51
51
51
51
49
49
49
49
49
49
49
47
47
49
49
47
47
47
47
47
47
47
47
47
47
47
47
49
49
47
47
49
49
49
47
47
47
47
49
49
49
49
49
49
53
53
53
49
49
47
53
47
53
47
47
43
43
43
41
41
43
43
45
45
45
45
49
49
47
47
47
49
49
47
47
47
47
47
47
47
47
45
45
45
45
45
47
47
47
45
45
47
45
45
47
47
45
45
47
47
47
47
47
47
47
47
45
45
45
47
47
47
47
45
45
45
45
43
43
43
43
43
45
45
45
45
45
45
45
45
43
43
45
45
45
45
43
45
45
45
45
45
45
45
45
43
43
43
43
43
43
45
45
43
43
43
43
43
