55
59
59
59
59
59
59
59
57
57
55
55
71
71
51
51
49
49
51
51
49
49
49
49
49
49
49
47
47
47
47
47
47
47
47
47
47
49
47
47
47
47
49
49
47
47
47
47
49
49
45
45
45
45
45
45
45
47
47
47
47
47
47
45
45
49
49
45
45
49
49
49
49
49
49
45
45
47
45
45
45
45
45
45
47
47
49
49
49
49
47
47
49
49
49
47
47
49
49
47
47
47
47
49
49
49
49
49
47
47
49
49
47
47
49
49
49
49
47
47
45
45
49
49
47
47
47
47
47
49
49
49
49
47
47
47
47
49
49
49
49
51
51
51
51
51
49
49
51
51
51
51
49
49
53
53
49
49
51
51
57
51
51
51
51
51
51
49
49
51
51
51
51
51
51
53
53
55
53
53
53
53
53
53
55
55
57
57
59
59
