39
39
39
39
35
35
37
37
37
37
37
37
35
35
37
37
35
35
35
33
33
35
35
39
39
39
39
37
37
37
33
33
35
35
39
39
35
35
33
33
33
33
35
35
31
31
33
33
33
33
33
37
37
39
39
37
37
31
31
31
31
35
35
35
35
35
35
35
35
35
35
35
35
35
35
35
37
37
37
35
35
37
37
35
35
35
35
37
37
35
35
35
35
35
37
37
37
37
71
71
35
35
37
35
35
35
35
35
35
35
35
37
37
35
35
35
35
37
37
35
35
35
35
35
35
35
37
37
35
35
35
35
35
35
35
35
35
35
35
37
37
37
37
37
37
37
37
37
37
37
37
37
37
37
37
37
37
37
37
37
37
37
35
35
37
37
37
37
37
37
37
37
37
37
37
37
37
35
35
35
35
35
35
35
33
33
35
35
35
