53
53
53
55
57
55
55
53
53
53
53
53
53
53
73
73
53
53
53
53
55
55
55
55
53
53
55
55
55
53
53
55
55
55
55
53
53
57
57
57
57
55
55
55
57
57
55
55
55
55
55
55
55
55
55
55
55
53
53
53
53
53
53
53
53
57
57
55
55
55
55
55
55
57
55
55
55
55
57
57
55
55
55
55
55
55
57
55
55
55
55
55
55
55
55
55
55
55
55
57
55
55
55
55
55
55
55
55
55
55
57
57
57
55
55
55
55
57
57
57
57
55
55
53
57
55
55
53
53
55
55
53
53
53
53
53
55
55
57
57
55
55
55
55
55
55
57
57
57
57
57
57
57
55
55
55
55
55
55
55
55
55
53
53
53
53
53
53
53
53
53
53
53
53
49
51
51
49
49
49
49
49
49
47
47
47
47
