43
43
43
43
43
43
43
43
43
43
43
43
43
43
43
45
45
41
43
43
43
43
43
43
43
43
45
45
43
43
43
43
45
45
45
41
41
43
43
45
45
45
45
43
43
43
41
41
41
41
43
43
43
43
41
41
41
41
41
41
41
43
43
41
41
43
43
43
43
43
43
41
45
45
43
43
43
43
43
43
43
43
43
43
45
43
43
43
43
41
41
45
45
45
45
45
45
45
41
41
43
43
43
43
41
41
47
47
45
43
43
41
41
43
43
43
43
43
43
43
43
43
43
43
61
61
43
43
41
41
43
43
45
45
43
43
43
43
43
43
43
45
45
43
43
43
43
43
43
43
43
43
43
43
43
43
43
43
43
43
43
43
43
43
43
43
43
43
43
43
43
45
45
41
45
45
43
43
43
43
43
43
43
43
43
43
43
43
43
43
43
43
43
43
43
43
43
43
43
43
41
41
