43
43
43
43
41
43
43
47
47
47
47
43
43
43
43
43
43
43
41
41
41
41
43
43
43
41
41
43
43
43
43
43
43
45
41
41
41
41
41
41
45
45
43
43
41
41
41
43
43
43
43
45
45
45
41
41
45
45
43
43
47
47
43
43
43
41
41
43
43
43
43
41
41
41
45
45
47
47
47
47
47
47
45
43
43
41
41
41
41
41
41
43
43
43
41
41
43
43
41
41
45
43
47
45
45
43
43
41
43
43
45
45
43
43
43
43
43
43
43
45
45
43
43
45
45
45
47
47
45
45
45
45
45
45
45
45
43
45
45
43
43
47
47
45
45
47
47
45
45
45
45
45
43
43
41
41
45
45
45
45
45
45
47
47
43
43
43
45
45
47
47
47
47
45
45
45
45
45
45
45
43
43
45
45
43
43
43
43
43
43
47
47
47
49
49
47
