53
53
47
47
55
55
45
45
55
55
55
53
53
53
53
47
47
49
49
49
49
49
55
55
55
55
49
49
47
47
51
49
49
55
55
53
53
51
51
53
53
53
53
47
51
51
51
51
49
49
47
47
45
45
45
53
53
55
55
47
47
51
51
47
47
53
53
53
49
49
55
55
53
53
55
55
55
55
53
47
47
47
47
53
53
53
53
53
53
47
47
47
47
53
55
55
53
53
53
53
49
49
49
49
55
47
47
49
49
47
47
49
49
49
49
53
53
49
49
55
49
49
83
83
55
55
51
51
49
49
49
49
53
53
53
51
51
53
53
49
49
51
51
53
53
47
53
53
51
53
53
53
53
53
51
51
51
51
51
51
55
49
49
53
53
53
53
49
49
53
53
55
53
53
53
53
53
53
49
49
53
53
47
47
53
53
53
55
55
47
47
49
49
47
47
49
49
47
47
55
47
47
53
53
51
51
51
53
53
55
55
