43
43
47
47
45
45
43
43
45
45
41
41
41
41
45
41
41
45
45
41
41
41
41
41
41
41
41
43
45
45
41
41
45
45
41
41
43
43
43
43
47
47
45
41
41
41
41
43
43
41
41
47
47
43
43
43
47
47
43
43
43
43
41
41
41
41
41
41
45
45
45
41
41
39
39
41
41
45
45
45
45
45
45
47
41
41
41
41
41
41
41
41
41
41
41
41
43
45
45
41
41
43
43
45
45
43
43
43
43
43
41
41
41
41
41
41
41
41
43
43
43
45
45
45
45
41
41
45
45
43
43
41
41
41
43
43
45
45
43
43
41
41
41
39
39
43
43
41
41
43
43
45
45
45
43
43
41
41
41
41
41
41
41
41
45
45
41
41
45
43
43
47
47
47
47
45
45
45
45
43
41
41
41
41
41
41
45
45
41
41
43
43
45
47
47
45
45
47
47
47
47
45
45
43
43
41
43
43
43
43
45
