45
47
47
47
49
49
45
45
49
49
47
47
45
45
47
47
47
49
49
47
47
47
47
45
45
49
49
47
49
49
47
47
47
47
43
43
45
45
45
45
49
43
43
45
45
47
47
49
49
49
49
43
43
45
45
45
45
45
45
45
43
43
47
47
47
45
45
45
45
47
47
47
47
47
47
45
45
43
45
45
45
45
45
45
45
45
45
45
47
45
45
45
45
45
45
47
47
47
47
47
47
45
45
49
49
49
45
45
47
47
45
45
45
45
45
49
49
47
47
45
45
49
49
45
45
45
45
45
45
45
47
47
47
47
49
49
47
47
49
45
45
45
45
45
45
47
47
47
47
45
45
45
45
45
45
45
45
45
47
47
45
45
49
49
47
43
43
45
45
45
45
47
47
49
49
45
45
45
47
47
47
47
49
49
47
47
45
45
47
47
47
47
47
47
47
47
47
47
47
49
49
47
47
